%thongso_robot_scara 
global m1 m2 m3 m4 a1 a2 q3max d4 gr;
m1=6;
m2=5;
m3=4;
m4=2;
a1=0.195;
a2=0.145;
q3max=0.250;
d4=0.130;
gr=9.81;